SAMPLE PARAMETERS
Gauge length 1, 1.0709024904547093
Gauge length 2, 0.8303920457548215
Gauge length 3, 0.9867001474438784
Gauge length 4, 1.3154452436762454
Mean diameter 1, 0.3168129228132146
Mean diameter 2, 0.29292108675291484
Mean diameter 3, 0.3150935923563126
Mean diameter 4, 0.31862945347136173
SCHEDULE PARAMETERS
Number of steps: 297
Point 1, 0., 0.
Point 2, 0.040816, 0.001633
Point 3, 0.081633, 0.003265
Point 4, 0.122449, 0.004898
Point 5, 0.163265, 0.006531
Point 6, 0.204082, 0.008163
Point 7, 0.244898, 0.009796
Point 8, 0.285714, 0.011429
Point 9, 0.326531, 0.013061
Point 10, 0.367347, 0.014694
Point 11, 0.408163, 0.016327
Point 12, 0.44898, 0.017959
Point 13, 0.489796, 0.019592
Point 14, 0.530612, 0.021224
Point 15, 0.571429, 0.022857
Point 16, 0.612245, 0.02449
Point 17, 0.653061, 0.026122
Point 18, 0.693878, 0.027755
Point 19, 0.734694, 0.029388
Point 20, 0.77551, 0.03102
Point 21, 0.816327, 0.032653
Point 22, 0.857143, 0.034286
Point 23, 0.897959, 0.035918
Point 24, 0.938776, 0.037551
Point 25, 0.979592, 0.039184
Point 26, 1.020408, 0.040816
Point 27, 1.061224, 0.042449
Point 28, 1.102041, 0.044082
Point 29, 1.142857, 0.045714
Point 30, 1.183673, 0.047347
Point 31, 1.22449, 0.04898
Point 32, 1.265306, 0.050612
Point 33, 1.306122, 0.052245
Point 34, 1.346939, 0.053878
Point 35, 1.387755, 0.05551
Point 36, 1.428571, 0.057143
Point 37, 1.469388, 0.058776
Point 38, 1.510204, 0.060408
Point 39, 1.55102, 0.062041
Point 40, 1.591837, 0.063673
Point 41, 1.632653, 0.065306
Point 42, 1.673469, 0.066939
Point 43, 1.714286, 0.068571
Point 44, 1.755102, 0.070204
Point 45, 1.795918, 0.071837
Point 46, 1.836735, 0.073469
Point 47, 1.877551, 0.075102
Point 48, 1.918367, 0.076735
Point 49, 1.959184, 0.078367
Point 50, 2., 0.08
Point 51, 2.30303, 0.08
Point 52, 2.606061, 0.08
Point 53, 2.909091, 0.08
Point 54, 3.212121, 0.08
Point 55, 3.515152, 0.08
Point 56, 3.818182, 0.08
Point 57, 4.121212, 0.08
Point 58, 4.424242, 0.08
Point 59, 4.727273, 0.08
Point 60, 5.030303, 0.08
Point 61, 5.333333, 0.08
Point 62, 5.636364, 0.08
Point 63, 5.939394, 0.08
Point 64, 6.242424, 0.08
Point 65, 6.545455, 0.08
Point 66, 6.848485, 0.08
Point 67, 7.151515, 0.08
Point 68, 7.454545, 0.08
Point 69, 7.757576, 0.08
Point 70, 8.060606, 0.08
Point 71, 8.363636, 0.08
Point 72, 8.666667, 0.08
Point 73, 8.969697, 0.08
Point 74, 9.272727, 0.08
Point 75, 9.575758, 0.08
Point 76, 9.878788, 0.08
Point 77, 10.181818, 0.08
Point 78, 10.484848, 0.08
Point 79, 10.787879, 0.08
Point 80, 11.090909, 0.08
Point 81, 11.393939, 0.08
Point 82, 11.69697, 0.08
Point 83, 12., 0.08
Point 84, 12.30303, 0.08
Point 85, 12.606061, 0.08
Point 86, 12.909091, 0.08
Point 87, 13.212121, 0.08
Point 88, 13.515152, 0.08
Point 89, 13.818182, 0.08
Point 90, 14.121212, 0.08
Point 91, 14.424242, 0.08
Point 92, 14.727273, 0.08
Point 93, 15.030303, 0.08
Point 94, 15.333333, 0.08
Point 95, 15.636364, 0.08
Point 96, 15.939394, 0.08
Point 97, 16.242424, 0.08
Point 98, 16.545455, 0.08
Point 99, 16.848485, 0.08
Point 100, 17.151515, 0.08
Point 101, 17.454545, 0.08
Point 102, 17.757576, 0.08
Point 103, 18.060606, 0.08
Point 104, 18.363636, 0.08
Point 105, 18.666667, 0.08
Point 106, 18.969697, 0.08
Point 107, 19.272727, 0.08
Point 108, 19.575758, 0.08
Point 109, 19.878788, 0.08
Point 110, 20.181818, 0.08
Point 111, 20.484848, 0.08
Point 112, 20.787879, 0.08
Point 113, 21.090909, 0.08
Point 114, 21.393939, 0.08
Point 115, 21.69697, 0.08
Point 116, 22., 0.08
Point 117, 22.30303, 0.08
Point 118, 22.606061, 0.08
Point 119, 22.909091, 0.08
Point 120, 23.212121, 0.08
Point 121, 23.515152, 0.08
Point 122, 23.818182, 0.08
Point 123, 24.121212, 0.08
Point 124, 24.424242, 0.08
Point 125, 24.727273, 0.08
Point 126, 25.030303, 0.08
Point 127, 25.333333, 0.08
Point 128, 25.636364, 0.08
Point 129, 25.939394, 0.08
Point 130, 26.242424, 0.08
Point 131, 26.545455, 0.08
Point 132, 26.848485, 0.08
Point 133, 27.151515, 0.08
Point 134, 27.454545, 0.08
Point 135, 27.757576, 0.08
Point 136, 28.060606, 0.08
Point 137, 28.363636, 0.08
Point 138, 28.666667, 0.08
Point 139, 28.969697, 0.08
Point 140, 29.272727, 0.08
Point 141, 29.575758, 0.08
Point 142, 29.878788, 0.08
Point 143, 30.181818, 0.08
Point 144, 30.484848, 0.08
Point 145, 30.787879, 0.08
Point 146, 31.090909, 0.08
Point 147, 31.393939, 0.08
Point 148, 31.69697, 0.08
Point 149, 32., 0.08
Point 150, 33.818182, 0.08
Point 151, 35.636364, 0.08
Point 152, 37.454545, 0.08
Point 153, 39.272727, 0.08
Point 154, 41.090909, 0.08
Point 155, 42.909091, 0.08
Point 156, 44.727273, 0.08
Point 157, 46.545455, 0.08
Point 158, 48.363636, 0.08
Point 159, 50.181818, 0.08
Point 160, 52., 0.08
Point 161, 53.818182, 0.08
Point 162, 55.636364, 0.08
Point 163, 57.454545, 0.08
Point 164, 59.272727, 0.08
Point 165, 61.090909, 0.08
Point 166, 62.909091, 0.08
Point 167, 64.727273, 0.08
Point 168, 66.545455, 0.08
Point 169, 68.363636, 0.08
Point 170, 70.181818, 0.08
Point 171, 72., 0.08
Point 172, 73.818182, 0.08
Point 173, 75.636364, 0.08
Point 174, 77.454545, 0.08
Point 175, 79.272727, 0.08
Point 176, 81.090909, 0.08
Point 177, 82.909091, 0.08
Point 178, 84.727273, 0.08
Point 179, 86.545455, 0.08
Point 180, 88.363636, 0.08
Point 181, 90.181818, 0.08
Point 182, 92., 0.08
Point 183, 93.818182, 0.08
Point 184, 95.636364, 0.08
Point 185, 97.454545, 0.08
Point 186, 99.272727, 0.08
Point 187, 101.090909, 0.08
Point 188, 102.909091, 0.08
Point 189, 104.727273, 0.08
Point 190, 106.545455, 0.08
Point 191, 108.363636, 0.08
Point 192, 110.181818, 0.08
Point 193, 112., 0.08
Point 194, 113.818182, 0.08
Point 195, 115.636364, 0.08
Point 196, 117.454545, 0.08
Point 197, 119.272727, 0.08
Point 198, 121.090909, 0.08
Point 199, 122.909091, 0.08
Point 200, 124.727273, 0.08
Point 201, 126.545455, 0.08
Point 202, 128.363636, 0.08
Point 203, 130.181818, 0.08
Point 204, 132., 0.08
Point 205, 133.818182, 0.08
Point 206, 135.636364, 0.08
Point 207, 137.454545, 0.08
Point 208, 139.272727, 0.08
Point 209, 141.090909, 0.08
Point 210, 142.909091, 0.08
Point 211, 144.727273, 0.08
Point 212, 146.545455, 0.08
Point 213, 148.363636, 0.08
Point 214, 150.181818, 0.08
Point 215, 152., 0.08
Point 216, 153.818182, 0.08
Point 217, 155.636364, 0.08
Point 218, 157.454545, 0.08
Point 219, 159.272727, 0.08
Point 220, 161.090909, 0.08
Point 221, 162.909091, 0.08
Point 222, 164.727273, 0.08
Point 223, 166.545455, 0.08
Point 224, 168.363636, 0.08
Point 225, 170.181818, 0.08
Point 226, 172., 0.08
Point 227, 173.818182, 0.08
Point 228, 175.636364, 0.08
Point 229, 177.454545, 0.08
Point 230, 179.272727, 0.08
Point 231, 181.090909, 0.08
Point 232, 182.909091, 0.08
Point 233, 184.727273, 0.08
Point 234, 186.545455, 0.08
Point 235, 188.363636, 0.08
Point 236, 190.181818, 0.08
Point 237, 192., 0.08
Point 238, 193.818182, 0.08
Point 239, 195.636364, 0.08
Point 240, 197.454545, 0.08
Point 241, 199.272727, 0.08
Point 242, 201.090909, 0.08
Point 243, 202.909091, 0.08
Point 244, 204.727273, 0.08
Point 245, 206.545455, 0.08
Point 246, 208.363636, 0.08
Point 247, 210.181818, 0.08
Point 248, 212., 0.08
Point 249, 212.204082, 0.078367
Point 250, 212.408163, 0.076735
Point 251, 212.612245, 0.075102
Point 252, 212.816327, 0.073469
Point 253, 213.020408, 0.071837
Point 254, 213.22449, 0.070204
Point 255, 213.428571, 0.068571
Point 256, 213.632653, 0.066939
Point 257, 213.836735, 0.065306
Point 258, 214.040816, 0.063673
Point 259, 214.244898, 0.062041
Point 260, 214.44898, 0.060408
Point 261, 214.653061, 0.058776
Point 262, 214.857143, 0.057143
Point 263, 215.061224, 0.05551
Point 264, 215.265306, 0.053878
Point 265, 215.469388, 0.052245
Point 266, 215.673469, 0.050612
Point 267, 215.877551, 0.04898
Point 268, 216.081633, 0.047347
Point 269, 216.285714, 0.045714
Point 270, 216.489796, 0.044082
Point 271, 216.693878, 0.042449
Point 272, 216.897959, 0.040816
Point 273, 217.102041, 0.039184
Point 274, 217.306122, 0.037551
Point 275, 217.510204, 0.035918
Point 276, 217.714286, 0.034286
Point 277, 217.918367, 0.032653
Point 278, 218.122449, 0.03102
Point 279, 218.326531, 0.029388
Point 280, 218.530612, 0.027755
Point 281, 218.734694, 0.026122
Point 282, 218.938776, 0.02449
Point 283, 219.142857, 0.022857
Point 284, 219.346939, 0.021224
Point 285, 219.55102, 0.019592
Point 286, 219.755102, 0.017959
Point 287, 219.959184, 0.016327
Point 288, 220.163265, 0.014694
Point 289, 220.367347, 0.013061
Point 290, 220.571429, 0.011429
Point 291, 220.77551, 0.009796
Point 292, 220.979592, 0.008163
Point 293, 221.183673, 0.006531
Point 294, 221.387755, 0.004898
Point 295, 221.591837, 0.003265
Point 296, 221.795918, 0.001633
Point 297, 222., 0.
RESULTS
Time [s], Disp 1 [mm], Disp 2 [mm], Disp 3 [mm], Disp 4 [mm], Disp 5 [mm], Force [N]
0., 0., 0., 0., 0., 0., 0.
0.040816, 0.00013190528939436387, 0.0004687915629482683, 0.000763724138538829, 0.0011035171781161098, 0.001524879101393993, 0.6159879268564037
0.081633, 0.0002637284229760469, 0.0009372956784786893, 0.0015269795000236886, 0.002206358676047911, 0.0030488238032028406, 1.2315559759283567
0.122449, 0.00039563095208337124, 0.0014060864947098599, 0.0022907014484348813, 0.003309876014946005, 0.004573701686322881, 1.847458619936337
0.163265, 0.0005275321016843569, 0.0018748769377603747, 0.0030544223012930138, 0.004413393434054219, 0.006098578960756175, 2.4633186357187906
0.204082, 0.000659351097491465, 0.002343379933950209, 0.0038176743767091023, 0.005516235172572978, 0.00762252183683339, 3.0787588231129535
0.244898, 0.0007912494910446981, 0.002812169631452488, 0.004581393038825177, 0.0066197527516414, 0.009147397895539588, 3.6945336610815187
0.285714, 0.0009231465072096881, 0.003280958956358079, 0.005345110605082041, 0.007723270410509494, 0.010672273346831396, 4.310265923308771
0.326531, 0.0010549613715967157, 0.003749460834959287, 0.006108359393510877, 0.008826112388383833, 0.012196214400994169, 4.925578406482948
0.367347, 0.0011868556359471542, 0.004218249415483681, 0.006872074768415487, 0.009929630206392103, 0.013721088639101507, 5.541225595801264
0.408163, 0.001318748525024404, 0.004687037623994441, 0.007635789047156845, 0.011033148103790467, 0.015245962271064692, 6.15683026179774
0.44898, 0.0014505592643367213, 0.005155538386756247, 0.008399034547686276, 0.012135990319791611, 0.016769901507123864, 6.772015198015467
0.489796, 0.001582449405826542, 0.005624325852051025, 0.009162746634469395, 0.013239508375511853, 0.018294773928440977, 7.387534895878518
0.530612, 0.001714257399330088, 0.006092825872085199, 0.009925989943134825, 0.014342350749541028, 0.019818711954862844, 8.002634910326952
0.571429, 0.001846144795574694, 0.006561612594811979, 0.010689699837182279, 0.01544586896306598, 0.021343583167015415, 8.61806969523098
0.612245, 0.001978030820536535, 0.007030398946622564, 0.011453408634940262, 0.01654938725527301, 0.02286845377534435, 9.233462058629094
0.653061, 0.0021098346996210864, 0.00749889785375378, 0.012216648654280718, 0.01765222986538113, 0.02439238999004405, 9.848434790902816
0.693878, 0.002241717983453972, 0.007967683464131299, 0.012980355258623458, 0.018755748314583234, 0.025917259391695455, 10.463742342784903
0.734694, 0.0023735998982118115, 0.008436468704200508, 0.01374406076645889, 0.01985926684205438, 0.027442128190832197, 11.079007528525427
0.77551, 0.002505399669198318, 0.008904966500170676, 0.014507297495579056, 0.020962109687019635, 0.028966062597603617, 11.693853135367245
0.816327, 0.002637278846937561, 0.00937375099993998, 0.015271000809323844, 0.022065628370677926, 0.030490930192545722, 12.309033610909603
0.857143, 0.0027691566578062943, 0.009842535130007905, 0.01603470302634559, 0.0231691471321931, 0.03201579718627993, 12.924171775606458
0.897959, 0.002900952327006628, 0.010311031816556217, 0.01679793646435643, 0.024271990210796283, 0.03353972978891064, 13.538890413565813
0.938776, 0.003032827404961232, 0.01077981520745563, 0.017561636486616294, 0.02537550912769237, 0.035064595580929, 14.153943969257343
0.979592, 0.003164701118246688, 0.011248598229259648, 0.018325335411939505, 0.026479028122034096, 0.03658946077304405, 14.76895526933118
1.020408, 0.0032964926919636563, 0.011717093808122572, 0.019088565557958247, 0.027581871433058573, 0.03811339157531531, 15.38354709476445
1.061224, 0.003428363677307423, 0.012185876092124077, 0.019852262288550884, 0.028685390581926495, 0.03963825556857402, 15.998473913932896
1.102041, 0.003560233298398683, 0.012654658007153338, 0.020615957920571727, 0.029788909807932012, 0.041163118962447225, 16.61335847753422
1.142857, 0.003692020782926059, 0.013123152480064638, 0.021379184773721853, 0.03089175335016373, 0.04268704796813402, 17.22782364660521
1.183673, 0.0038238876811761257, 0.013591933658691834, 0.022142878211155088, 0.031995272729834795, 0.04421191016606519, 17.8426238614226
1.22449, 0.00395575321716854, 0.014060714468896748, 0.022906570549645754, 0.03309879218624528, 0.04573677176582315, 18.457381869563417
1.265306, 0.004087536618791041, 0.01452920783758748, 0.02366979410905699, 0.034201635958472774, 0.04726069897869418, 19.071720538242918
1.306122, 0.004219399436229113, 0.014997987912570523, 0.024433484252462633, 0.035305155567736383, 0.0487855593850644, 19.68639430461586
1.346939, 0.004351260893401536, 0.015466767619680381, 0.025197173296556973, 0.03640867525334204, 0.050310419194471726, 20.30102591314242
1.387755, 0.004483040218394849, 0.015935259885878898, 0.02596039356136528, 0.03751151925435644, 0.05183434461828941, 20.915238237208726
1.428571, 0.004614898961293609, 0.016404038858945234, 0.026724080409881355, 0.038615039092004554, 0.05335920323685903, 21.52978571085142
1.469388, 0.00474675634591587, 0.01687281746468663, 0.027487766158719448, 0.03971855900559819, 0.054884061259674044, 22.14429107541776
1.510204, 0.004878531600546671, 0.017341308630118582, 0.02825098312806699, 0.04082140323419317, 0.056407984898194555, 22.758377210456995
1.55102, 0.005010386275169792, 0.017810086502992966, 0.02901466668083774, 0.04192492329902032, 0.057932841732717635, 23.372798546891605
1.591837, 0.005142158818677632, 0.018278576935260683, 0.029777881451913377, 0.04302776767872484, 0.059456764182673205, 23.9868006105127
1.632653, 0.00527401078487433, 0.018747354075706907, 0.030541562807271796, 0.04413128789431981, 0.06098161983003893, 24.60113795049232
1.673469, 0.0054058613974760535, 0.019216130850111274, 0.031305243063447716, 0.04523480818512319, 0.06250647488426304, 25.21543330503833
1.714286, 0.005537629880945953, 0.019684620184455503, 0.032068454537565926, 0.04633765279040905, 0.06403039555512396, 25.829309435420537
1.755102, 0.005669477789286062, 0.02015339622757827, 0.032832132595766575, 0.04744117323117974, 0.06555524942468581, 26.443520896959033
1.795918, 0.005801324346112075, 0.020622171905231988, 0.03359580955450428, 0.048544693746759, 0.06708010270235254, 27.057690424755105
1.836735, 0.005933088775786888, 0.02109066014337126, 0.03435901773082374, 0.04964753857642672, 0.06860402159785842, 27.671440776977057
1.877551, 0.006064932632510111, 0.021559435090888125, 0.035122692491027334, 0.05075105924117447, 0.0701288736933538, 28.285526515085433
1.918367, 0.006196775139797131, 0.022028209673507885, 0.03588636615148963, 0.051854579980331834, 0.07165372519819849, 28.899570371078834
1.959184, 0.006328535521910734, 0.022496696817158022, 0.03664957102917515, 0.052957425033184416, 0.0731776423220827, 29.5131951000277
2., 0.006460375333247811, 0.022965470670783895, 0.03741324249054861, 0.054060945920713165, 0.07470249264724282, 30.127155269525755
2.30303, 0.006459880830227443, 0.02296533693518466, 0.037412843009260954, 0.05406097369635287, 0.07470227560433103, 30.111830468195766
2.606061, 0.006459388201873044, 0.022965203715717836, 0.037412443272165946, 0.054061001111295304, 0.07470205968492437, 30.096552215105042
2.909091, 0.00645889744477553, 0.022965071011269746, 0.03741204328647575, 0.05406102816725514, 0.07470184488582383, 30.081320468979744
3.212121, 0.00645840855067766, 0.022964938819417028, 0.03741164305542051, 0.05406105486620921, 0.07470163120171368, 30.06613503787902
3.515152, 0.006457921511369342, 0.02296480713775057, 0.03741124258220351, 0.05406108121012168, 0.07470141862731, 30.050995730903892
3.818182, 0.006457436323472438, 0.02296467596516898, 0.03741084187397072, 0.054061107200690246, 0.07470120715944308, 30.035902507160642
4.121212, 0.006456952978815703, 0.02296454529927633, 0.03741044093387915, 0.05406113283986429, 0.07470099679285937, 30.02085517645817
4.424242, 0.006456471470857486, 0.02296441513811862, 0.03741003976638399, 0.05406115812949835, 0.07470078752302375, 30.005853598992932
4.727273, 0.006455991791501504, 0.022964285479323013, 0.037409638374591866, 0.054061183071520254, 0.07470057934473459, 29.990897586183227
5.030303, 0.006455513937410454, 0.02296415632180432, 0.03740923676556141, 0.05406120766760534, 0.07470037225486081, 29.975987097636196
5.333333, 0.006455037900526399, 0.022964027663202685, 0.03740883494235369, 0.05406123191966687, 0.07470016624823074, 29.961121945469355
5.636364, 0.006454563672837421, 0.022963899501172128, 0.03740843290800396, 0.05406125582960583, 0.07469996131970368, 29.94630194282025
5.939394, 0.006454091251036511, 0.022963771834639452, 0.037408030669506105, 0.05406127939908096, 0.07469975746617721, 29.931527049667796
6.242424, 0.006453620627149719, 0.02296364466127153, 0.03740762822985036, 0.054061302629978845, 0.0746995546825403, 29.916797079842432
6.545455, 0.006453151793248634, 0.02296351797874893, 0.03740722559200162, 0.05406132552417392, 0.07469935296371251, 29.902111848185417
6.848485, 0.006452684746056271, 0.02296339178601033, 0.03740682276288958, 0.054061348083308494, 0.07469915230661985, 29.88747131504391
7.151515, 0.006452219477681816, 0.022963266080749015, 0.03740641974543464, 0.054061370309242796, 0.07469895270621124, 29.872875295945555
7.454545, 0.006451755981803243, 0.02296314086108346, 0.03740601654386349, 0.05406139220375386, 0.07469875415811762, 29.85832365529424
7.757576, 0.006451294250602183, 0.0229630161247292, 0.03740561316104873, 0.05406141376868125, 0.0746985566573379, 29.843816210178577
8.060606, 0.006450834280841249, 0.02296289187064053, 0.03740520960383537, 0.054061435005645635, 0.07469836020083558, 29.8293529214315
8.363636, 0.006450376064739182, 0.022962768096545527, 0.03740480587505223, 0.05406145591647254, 0.07469816478363851, 29.814933606819647
8.666667, 0.006449919594559174, 0.02296264480018559, 0.03740440197750378, 0.054061476502975735, 0.07469797040080436, 29.80055808509935
8.969697, 0.0064494648670932265, 0.02296252198052661, 0.03740399791797224, 0.05406149676675982, 0.07469777704932445, 29.786226317463797
9.272727, 0.006449011874641276, 0.0229623996353224, 0.0374035936992188, 0.054061516709624724, 0.0746975847242851, 29.771938123341087
9.575758, 0.006448560609547251, 0.022962277762339937, 0.0374031893239808, 0.05406153633335869, 0.0746973934208021, 29.757693323139776
9.878788, 0.006448111068632278, 0.0229621563605566, 0.03740278479897819, 0.05406155563955046, 0.0746972031358943, 29.743491878410307
10.181818, 0.006447663244276666, 0.022962035427751635, 0.03740238012690553, 0.0540615746299746, 0.07469701386470584, 29.729333610227002
10.484848, 0.006447217130370826, 0.02296191496211335, 0.03740197531177026, 0.054061593306333616, 0.074696825603028, 29.71521838707418
10.787879, 0.006446772719365076, 0.022961794961442437, 0.03740157035622164, 0.05406161167038229, 0.07469663834605303, 29.701146031540105
11.090909, 0.006446330008118952, 0.022961675424731327, 0.03740116526689752, 0.05406162972368835, 0.07469645209083617, 29.687116505646237
11.393939, 0.006445888989118678, 0.022961556349792796, 0.03740076004640501, 0.05406164746799313, 0.07469626683259767, 29.673129632638513
11.69697, 0.006445449654893424, 0.022961437734452455, 0.03740035469732836, 0.0540616649050266, 0.07469608256658652, 29.659185236722355
12., 0.006445012002331231, 0.02296131957771392, 0.037399949226244504, 0.054061682036341, 0.07469589928988488, 29.645283280268796
12.30303, 0.00644457602399682, 0.022961201877414766, 0.03739954363569606, 0.05406169886365299, 0.07469571699776939, 29.63142358813495
12.606061, 0.006444141712497419, 0.022961084631405265, 0.03739913792820318, 0.05406171538866812, 0.07469553568554507, 29.617605986129025
12.909091, 0.006443709064749314, 0.0229609678387001, 0.037398732110282454, 0.05406173161292323, 0.07469535535032082, 29.603830436968106
13.212121, 0.006443278073394934, 0.022960851497161365, 0.03739832618441288, 0.05406174753811066, 0.07469517598742902, 29.59009676710614
13.515152, 0.006442848731118774, 0.022960735604663725, 0.037397920153051434, 0.05406176316591179, 0.07469499759223013, 29.576404803939194
13.818182, 0.006442421034865109, 0.022960620160232797, 0.03739751402265489, 0.05406177849784821, 0.07469482016185951, 29.56275451052748
14.121212, 0.006441994977353289, 0.022960505161754945, 0.03739710779563957, 0.05406179353558826, 0.07469464369170471, 29.549145714906846
14.424242, 0.006441570552739534, 0.02296039060750551, 0.03739670147574127, 0.05406180828074173, 0.0746944681777571, 29.535578290683414
14.727273, 0.00644114775381015, 0.022960276495391233, 0.03739629506533408, 0.05406182273495822, 0.07469429361545006, 29.522052067348007
15.030303, 0.006440726577546335, 0.02296016282445216, 0.03739588857079593, 0.05406183689973925, 0.07469412000195388, 29.50856700841341
15.333333, 0.0064403070167687974, 0.02296004959260657, 0.037395481994460855, 0.054061850776721564, 0.07469394733272876, 29.495122944002325
15.636364, 0.006439889064339304, 0.022959936797784967, 0.03739507533864183, 0.054061864367531284, 0.07469377560326211, 29.481719705160135
15.939394, 0.006439472717266453, 0.022959824439038073, 0.03739466860965823, 0.054061877673655015, 0.07469360481075016, 29.468357255735224
16.242424, 0.00643905796844607, 0.02295971251430779, 0.03739426180978345, 0.05406189069670617, 0.07469343495070681, 29.455035427399093
16.545455, 0.006438644810814628, 0.022959601021548124, 0.03739385494127017, 0.054061903438287665, 0.07469326601867297, 29.441754052737053
16.848485, 0.0064382332414078675, 0.02295948995982036, 0.03739344801037981, 0.05406191589987137, 0.07469309801187053, 29.42851309593025
17.151515, 0.006437823253195982, 0.022959379327089774, 0.037393041019325925, 0.05406192808304761, 0.07469293092586658, 29.41531239018447
17.454545, 0.006437414840531967, 0.022959269121695866, 0.03739263397164524, 0.05406193998935802, 0.07469276475680023, 29.40215181290917
17.757576, 0.006437007996450718, 0.022959159341623566, 0.037392226869511394, 0.054061951620375, 0.07469259950028276, 29.389031198721277
18.060606, 0.00643660271802379, 0.022959049985948072, 0.03739181971910931, 0.054061962977550955, 0.0746924351535699, 29.37595051224082
18.363636, 0.006436198998319363, 0.022958941052665407, 0.03739141252257413, 0.05406197406244595, 0.07469227171229874, 29.362909588697715
18.666667, 0.006435796830445282, 0.022958832539783387, 0.03739100528202121, 0.054061984876609834, 0.07469210917213266, 29.349908264216506
18.969697, 0.006435396211499671, 0.022958724446387517, 0.037390598003578725, 0.054061995421480616, 0.07469194753035252, 29.336946503742762
19.272727, 0.006434997134623341, 0.022958616770496595, 0.037390190689323984, 0.054062005698595934, 0.07469178678264725, 29.32402414400834
19.575758, 0.006434599592996342, 0.022958509510141063, 0.03738978334131486, 0.05406201570948336, 0.07469162692473175, 29.311141022631535
19.878788, 0.006434203583743142, 0.02295840266441663, 0.03738937596562331, 0.05406202545556665, 0.07469146795391177, 29.298297104880533
20.181818, 0.006433809100076427, 0.022958296231364597, 0.03738896856426961, 0.05406203493836128, 0.07469130986592752, 29.285492228975308
20.484848, 0.006433416136539522, 0.02295819020938632, 0.03738856114059957, 0.05406204415934327, 0.07469115265706076, 29.272726276014108
20.787879, 0.006433024686407634, 0.022958084596542035, 0.037388153696595726, 0.05406205312001094, 0.07469099632309421, 29.25999908558558
21.090909, 0.006432634746839964, 0.02295797939194087, 0.03738774623825584, 0.054062061821769196, 0.07469084086136649, 29.247310623383502
21.393939, 0.006432246311143926, 0.022957874593653768, 0.03738733876752545, 0.05406207026610445, 0.07469068626768528, 29.234660729590953
21.69697, 0.006431859372665241, 0.02295777019976301, 0.03738693128633152, 0.054062078454493366, 0.07469053253788352, 29.222049245259125
22., 0.006431473928588895, 0.02295766620938769, 0.0373865238006168, 0.054062086388326915, 0.07469037966932421, 29.209476136397093
22.30303, 0.006431089972292498, 0.02295756262062067, 0.03738611631227167, 0.05406209406906999, 0.07469022765786498, 29.196941244644925
22.606061, 0.006430707497191588, 0.022957459431566043, 0.03738570882316834, 0.054062101498177875, 0.07469007649938847, 29.184444412502422
22.909091, 0.006430326500496685, 0.02295735664135274, 0.037385301339195015, 0.05406210867702772, 0.07468992619128179, 29.171985606291685
23.212121, 0.006429946975654898, 0.02295725424809532, 0.03738489386218776, 0.05406211560706319, 0.07468977672945203, 29.15956466909596
23.515152, 0.006429568916150862, 0.022957152249919437, 0.03738448639396478, 0.05406212228971845, 0.07468962810983094, 29.147181444850673
23.818182, 0.006429192319220408, 0.022957050645963765, 0.03738407894036026, 0.05406212872635697, 0.07468948032982958, 29.13483590018782
24.121212, 0.006428817178379436, 0.022956949434364302, 0.03738367150315671, 0.054062134918401415, 0.0746893333854039, 29.122527879620993
24.424242, 0.006428443488409393, 0.02295684861359946, 0.03738326408546354, 0.054062140867246276, 0.07468918727301369, 29.110257268878033
24.727273, 0.006428071242885963, 0.022956748181823267, 0.03738285668902819, 0.054062146574297976, 0.07468904198865539, 29.098023913787983
25.030303, 0.006427700439078365, 0.022956648138187215, 0.0373824493196136, 0.05406215204090195, 0.07468889752977163, 29.085827781391536
25.333333, 0.006427331070593136, 0.022956548480855536, 0.03738204197893204, 0.054062157268453294, 0.07468875389238269, 29.073668718089092
25.636364, 0.006426963131073445, 0.022956449208003278, 0.03738163466867878, 0.0540621622583379, 0.0746886110725329, 29.0615465711149
25.939394, 0.006426596617813281, 0.02295635031879143, 0.037381227394563885, 0.054062167011887846, 0.07468846906768828, 29.049461307812994
26.242424, 0.006426231524486363, 0.022956251811405124, 0.03738082015824787, 0.054062171530477834, 0.07468832787391677, 29.037412775983636
26.545455, 0.006425867844802653, 0.02295615368404017, 0.037380412961374565, 0.054062175815473505, 0.07468818748731007, 29.025400824253435
26.848485, 0.006425505576080693, 0.022956055935866967, 0.03738000580960166, 0.0540621798681937, 0.07468804790535741, 29.013425420266906
27.151515, 0.006425144712060696, 0.022955958565091302, 0.03737959870453863, 0.054062183689992965, 0.07468790912417382, 29.001486413211584
27.454545, 0.006424785247700376, 0.02295586157024838, 0.03737919164912177, 0.05406218728220585, 0.07468777114035059, 28.989583692253277
27.757576, 0.006424427176797711, 0.022955764949561353, 0.037378784644927505, 0.054062190646171356, 0.07468763395004174, 28.97771710785543
28.060606, 0.0064240704967036275, 0.022955668702212984, 0.03737837769754439, 0.05406219378319087, 0.07468749755076712, 28.96588662805888
28.363636, 0.0064237152012459504, 0.022955572826436264, 0.03737797080851507, 0.05406219669459248, 0.0746873619387038, 28.954092103880903
28.666667, 0.006423361284287888, 0.02295547732047458, 0.037377563979366285, 0.054062199381695535, 0.07468722711005196, 28.942333387147915
28.969697, 0.006423008743204399, 0.022955382183519873, 0.03737715721563534, 0.05406220184578847, 0.07468709306235419, 28.930610446194727
29.272727, 0.006422657571888249, 0.022955287413825253, 0.03737675051881557, 0.05406220408817981, 0.07468695979183343, 28.918923133396504
29.575758, 0.006422307764267204, 0.022955193009654123, 0.03737634389038473, 0.054062206110169465, 0.07468682729473557, 28.90727130193
29.878788, 0.006421959317740043, 0.02295509897020749, 0.037375937335829335, 0.05406220791303304, 0.07468669556862563, 28.895654920421578
30.181818, 0.006421612226263804, 0.022955005293758376, 0.03737553085659415, 0.054062209498059774, 0.07468656460977204, 28.884073842591814
30.484848, 0.00642126648496668, 0.02295491197889672, 0.03737512445544954, 0.05406221086652654, 0.07468643441489294, 28.87252796094103
30.787879, 0.006420922087861518, 0.02295481902391225, 0.03737471813380912, 0.05406221201970768, 0.07468630498029426, 28.861017130427417
31.090909, 0.006420579032378506, 0.02295472642801792, 0.03737431189709236, 0.05406221295886193, 0.07468617630357072, 28.849541320061732
31.393939, 0.006420237312559375, 0.022954634189512952, 0.03737390574668037, 0.05406221368525312, 0.07468604838105054, 28.83810038533918
31.69697, 0.006419896922480019, 0.02295454230670657, 0.03737349968393945, 0.054062214200136724, 0.07468592120908413, 28.826694182539942
32., 0.00641955785959394, 0.022954450778820572, 0.03737309371423937, 0.05406221450475893, 0.07468579478528826, 28.815322680959632
33.818182, 0.006417570205287218, 0.022953914085020063, 0.03737066175553476, 0.05406220902586224, 0.07468506248078594, 28.74831903215538
35.636364, 0.006415628283418386, 0.02295338957976467, 0.037368234200337754, 0.0540621964962003, 0.0746843557506423, 28.682518767977523
37.454545, 0.0064137311223589535, 0.02295287698416482, 0.03736581157220354, 0.054062177164946414, 0.07468367394538462, 28.617900269665295
39.272727, 0.006411877767162951, 0.02295237602476742, 0.03736339437207706, 0.054062151274682994, 0.07468301642904268, 28.55444220339233
41.090909, 0.006410067285364203, 0.022951886435090833, 0.03736098308675612, 0.05406211906162903, 0.07468238258105064, 28.492123724526028
42.909091, 0.006408298762444709, 0.022951407954369597, 0.03735857818403052, 0.05406208075574309, 0.07468177179445959, 28.430924329200522
44.727273, 0.006406571302502982, 0.022950940327705057, 0.03735618011447013, 0.05406203658087997, 0.07468118347601738, 28.370823883065775
46.545455, 0.00640488402788624, 0.02295048330593688, 0.0373537893118701, 0.05406198675493349, 0.0746806170458796, 28.311802614618575
48.363636, 0.006403236079714886, 0.02295003664575741, 0.03735140619499237, 0.05406193149000945, 0.07468007193761464, 28.253841139961256
50.181818, 0.006401626613967269, 0.02294960010862278, 0.03734903116276122, 0.054061870992432016, 0.07467954759676161, 28.19692033058352
52., 0.006400054806506617, 0.022949173462089502, 0.03734666460253022, 0.05406180546306854, 0.07467904348232235, 28.141021496584315
53.818182, 0.006398519849137045, 0.02294875647871964, 0.037344306885249784, 0.054061735097335716, 0.0746785590653076, 28.08612625353961
55.636364, 0.0063970209501763575, 0.022948348936211137, 0.03734195836717468, 0.054061660085357885, 0.07467809382877592, 28.032216548293384
57.454545, 0.006395557334914983, 0.02294795061749906, 0.03733961939153292, 0.05406158061213811, 0.07467764726781356, 27.979274681576012
59.272727, 0.006394128242132631, 0.022947561309783825, 0.037337290283774936, 0.054061496857498476, 0.07467721888833194, 27.927283187239343
61.090909, 0.006392732928555917, 0.022947180805722438, 0.03733497135964652, 0.054061408996469246, 0.07467680820826535, 27.87622499961475
62.909091, 0.006391370665349403, 0.0229468089024515, 0.037332662920410035, 0.05406131719922854, 0.07467641475635844, 27.826083331913775
64.727273, 0.00639004073861815, 0.022946445401702764, 0.037330365254484195, 0.05406122163126044, 0.07467603807217646, 27.7768416997887
66.545455, 0.006388742449111161, 0.02294609010970184, 0.03732807863778934, 0.054061122453466885, 0.07467567770587447, 27.72848391587611
68.363636, 0.006387475112610958, 0.022945742837255756, 0.037325803335329706, 0.0540610198223353, 0.07467533321815245, 27.680994110089017
70.181818, 0.00638623805691063, 0.022945403398905006, 0.03732353959653619, 0.05406091388981435, 0.0746750041793018, 27.634356621292753
72., 0.006385030625665729, 0.022945071613961504, 0.03732128766307784, 0.054060804803762755, 0.07467469017009935, 27.588556147431433
73.818182, 0.006383852175349, 0.022944747305656106, 0.03731904776417674, 0.05406069270782399, 0.0746743907808458, 27.543577636455154
75.636364, 0.006382702075678551, 0.022944430301238748, 0.03731682011816649, 0.054060577741582704, 0.07467410561134721, 27.499406307457182
77.454545, 0.006381579709956655, 0.022944120432056132, 0.0373146049340035, 0.05406046004072876, 0.07467383427085299, 27.456027669213434
79.272727, 0.0063804844723871264, 0.022943817532794567, 0.03731240240670716, 0.05406033973688952, 0.07467357637728174, 27.413427421237813
81.090909, 0.006379415771480272, 0.022943521442405745, 0.03731021272493541, 0.05406021695811622, 0.07467333155789853, 27.371591590915955
82.909091, 0.0063783730273504246, 0.022943232003345637, 0.037308036066397425, 0.054060091828714976, 0.07467309944853405, 27.33050643387676
84.727273, 0.0063773556720895675, 0.022942949061663425, 0.037305872599344814, 0.05405996446940088, 0.07467287969354622, 27.29015845330298
86.545455, 0.006376363149528409, 0.02294267246692175, 0.03730372248283794, 0.05405983499738542, 0.0746726719456365, 27.250534395466264
88.363636, 0.006375394915521577, 0.022942402072264063, 0.037301585868173615, 0.05405970352653522, 0.07467247586577141, 27.21162126636047
90.181818, 0.006374450435627285, 0.02294213773375352, 0.03729946289446101, 0.05405957016716325, 0.0746722911225939, 27.173406242945962
92., 0.0063735291880375015, 0.0229418793111804, 0.037297353695897956, 0.05405943502654749, 0.07467211739287856, 27.135876796169445
93.818182, 0.0063726306612403695, 0.02294162666739759, 0.03729525839731995, 0.054059298208720456, 0.07467195436093767, 27.099020601594585
95.636364, 0.00637175435433621, 0.022941379668397783, 0.03729317711561157, 0.05405915981461955, 0.07467180171856333, 27.062825556727955
97.454545, 0.006370899777283568, 0.02294113818337343, 0.03729110996106627, 0.054059019942241014, 0.07467165916493837, 27.027279796215286
99.272727, 0.006370066448846303, 0.022940902084125924, 0.03728905703308724, 0.054058878686404466, 0.07467152640618009, 26.992371610768995
101.090909, 0.006369253899174036, 0.02294067124578659, 0.03728701842720549, 0.05405873613928973, 0.07467140315563865, 26.958089559544806
102.909091, 0.0063684616677339365, 0.02294044554622288, 0.03728499423075435, 0.05405859239019954, 0.07467128913343668, 26.924422388507917
104.727273, 0.006367689303584554, 0.02294022486610716, 0.03728298452421584, 0.05405844752570613, 0.07467118406639836, 26.891359046262238
106.545455, 0.006366936365183478, 0.022940009088854, 0.03728098938142503, 0.05405830162971925, 0.07467108768790334, 26.858888680395868
108.363636, 0.0063662024205922004, 0.022939798100672305, 0.037279008870850595, 0.054058154783633974, 0.07467099973778749, 26.827000651116762
110.181818, 0.0063654870457074166, 0.022939591790048924, 0.037277043051456585, 0.054058007066071105, 0.07467091996202285, 26.795684458524708
112., 0.006364789826470673, 0.022939390048378396, 0.03727509197940379, 0.054057858553426895, 0.07467084811285686, 26.76492984342743
113.818182, 0.006364110357086397, 0.022939192769443967, 0.03727315570388595, 0.05405770931961147, 0.07467078394848911, 26.734726714109197
115.636364, 0.006363448240251332, 0.02293899984947748, 0.0372712342683998, 0.05405755943619034, 0.07467072723298805, 26.705065160533778
117.454545, 0.006362803087329414, 0.022938811187205897, 0.03726932771196186, 0.05405740897252668, 0.0746706777361855, 26.675935466802404
119.272727, 0.006362174516792528, 0.02293862668338943, 0.037267436065110654, 0.05405725799550739, 0.07467063523345324, 26.647328044718673
121.090909, 0.00636156215615753, 0.02293844624138455, 0.03726555935634159, 0.05405710657009715, 0.0746705995057309, 26.619233525885935
122.909091, 0.006360965640415272, 0.022938269766679866, 0.03726369760808448, 0.054056954759062414, 0.0746705703393001, 26.591642694812847
124.727273, 0.006360384612227611, 0.022938097166949566, 0.03726185083791176, 0.05405680262310818, 0.07467054752569306, 26.5645465018892
126.545455, 0.006359818721772693, 0.022937928352004235, 0.037260019058694326, 0.05405665022093085, 0.07467053086157674, 26.537936060395122
128.363636, 0.006359267626888419, 0.022937763233831513, 0.037258202279744315, 0.05405649760935381, 0.07467052014864177, 26.511802657680573
130.181818, 0.006358730991735375, 0.02293760172619179, 0.037256400502991095, 0.054056344843041844, 0.07467051519347741, 26.486137695565308
132., 0.006358208488445435, 0.022937443745110985, 0.03725461372909635, 0.054056191975054284, 0.07467051580748812, 26.46093277296596
133.818182, 0.006357699795774584, 0.02293728920847427, 0.03725284195360617, 0.054056039056557294, 0.07467052180676678, 26.43617962588386
135.636364, 0.006357204599265905, 0.02293713803607283, 0.037251085168087644, 0.05405588613695477, 0.07467053301199604, 26.41187013904857
137.454545, 0.0063567225913702605, 0.022936990149640353, 0.03724934336121246, 0.05405573326401832, 0.07467054924833455, 26.38799635613215
139.272727, 0.0063562534702726456, 0.022936845472490877, 0.037247616515080156, 0.05405558048359591, 0.07467057034536073, 26.364550425304223
141.090909, 0.006355796941329238, 0.022936703929960195, 0.03724590461106851, 0.054055427840160035, 0.07467059613691293, 26.34152467471637
142.909091, 0.006355352715884825, 0.022936565449042018, 0.03724420762613388, 0.05405527537651423, 0.07467062646103205, 26.31891155768065
144.727273, 0.006354920511411086, 0.022936429958429864, 0.037242525533889945, 0.05405512313391894, 0.07467066115985868, 26.296703663307678
146.545455, 0.006354500051382223, 0.022936297388478532, 0.03724085830472554, 0.05405497115213234, 0.07467070007954112, 26.274893714059402
148.363636, 0.006354091065371866, 0.022936167671236147, 0.03723920590682005, 0.054054819469533444, 0.0746707430701196, 26.253474574914712
150.181818, 0.00635369328805244, 0.022936040740126576, 0.037237568302644394, 0.054054668122827866, 0.07467078998553932, 26.23243920452459
152., 0.006353306460408912, 0.022935916530336737, 0.03723594545449847, 0.0540545171475859, 0.07467084068341565, 26.211780722936787
153.818182, 0.006352930328730509, 0.022935794978497508, 0.03723433732099014, 0.05405436657794606, 0.07467089502504651, 26.19149236241327
155.636364, 0.00635256464472312, 0.022935676022720595, 0.03723274385804744, 0.05405421644673484, 0.0746709528753061, 26.17156747697601
157.454545, 0.00635220916558899, 0.022935559602627435, 0.03723116501987969, 0.054054066785584096, 0.07467101410252851, 26.151999550782474
159.272727, 0.006351863653153099, 0.022935445659064232, 0.03722960075562619, 0.0540539176246372, 0.0746710785785686, 26.132782153503424
161.090909, 0.006351527874913529, 0.022935334134449693, 0.037228051014637796, 0.05405376899307584, 0.07467114617851703, 26.11390900219571
162.909091, 0.006351201603161122, 0.022935224972488785, 0.03722651574310462, 0.054053620918824055, 0.07467121678076086, 26.095373916371848
164.727273, 0.006350884615073119, 0.022935118118205894, 0.03722499488501493, 0.054053473428662645, 0.07467129026687558, 26.077170826722412
166.545455, 0.006350576692613348, 0.02293501351791466, 0.03722348838224335, 0.054053326548260616, 0.07467136652155247, 26.05929377311249
168.363636, 0.006350277622594074, 0.022934911119243624, 0.03722199617544967, 0.05405318030228591, 0.07467144543248261, 26.04173691209814
170.181818, 0.006349987195936517, 0.022934810870885666, 0.037220518200903004, 0.05405303471411466, 0.07467152689046512, 26.02449447689129
172., 0.006349705208549265, 0.022934712722904125, 0.037219054395463975, 0.054052889806342, 0.07467161078907424, 26.00756083287603
173.818182, 0.006349431460583035, 0.02293461662648115, 0.037217604693388834, 0.054052745600489116, 0.07467169702476771, 25.990930437296576
175.636364, 0.006349165756504838, 0.02293452253394705, 0.037216169027227256, 0.05405260211711159, 0.07467178549677805, 25.974597847085096
177.454545, 0.006348907905147044, 0.022934430398803555, 0.03721474732867159, 0.054052459375904596, 0.07467187610699776, 25.95855772572943
179.272727, 0.00634865771906608, 0.022934340175498502, 0.03721333952552508, 0.0540523173954167, 0.07467196876011947, 25.942804806698252
181.090909, 0.006348415015295445, 0.022934251819701504, 0.03721194554644137, 0.054052176193545465, 0.07467206336327234, 25.927333944162175
182.909091, 0.0063481796146993875, 0.022934165288077638, 0.0372105653178735, 0.05405203578724914, 0.07467215982616264, 25.91214007616563
184.727273, 0.006347951342033018, 0.022934080538314066, 0.03720919876492301, 0.054051896192649794, 0.07467225806096531, 25.897218231779473
186.545455, 0.006347730025862236, 0.022933997529096455, 0.03720784581140517, 0.05405175742505733, 0.07467235798226662, 25.88256352946105
188.363636, 0.006347515498599587, 0.022933916220129757, 0.03720650638064179, 0.05405161949906838, 0.07467245950695142, 25.868171183218173
190.181818, 0.0063473075959664055, 0.02293383657193956, 0.0372051803925984, 0.054051482428287126, 0.07467256255437404, 25.854036469792806
192., 0.006347106157614246, 0.022933758546115644, 0.03720386776834217, 0.0540513462258014, 0.07467266704596702, 25.84015477417281
193.818182, 0.006346911026582779, 0.022933682105112468, 0.037202568427160784, 0.0540512109039015, 0.07467277290541272, 25.826521556548553
195.636364, 0.00634672204934536, 0.022933607212272902, 0.03720128228735597, 0.054051076474177305, 0.07467288005853602, 25.813132358731924
197.454545, 0.006346539075835474, 0.022933533831847142, 0.0372000092669914, 0.05405094294761192, 0.07467298843319382, 25.799982809788776
199.272727, 0.00634636195898439, 0.022933461928813674, 0.037198749281167266, 0.05405081033430967, 0.0746730979594661, 25.787068596057257
201.090909, 0.006346190555246976, 0.02293339146909929, 0.03719750224625153, 0.05405067864395496, 0.07467320856924811, 25.774385502730787
202.909091, 0.0063460247241356555, 0.022933322419399237, 0.037196268077137024, 0.05405054788553821, 0.07467332019644236, 25.761929383669063
204.727273, 0.006345864328255588, 0.022933254747198817, 0.03719504668799064, 0.05405041806744811, 0.0746734327768529, 25.749696167263252
206.545455, 0.006345709233240494, 0.022933188420755025, 0.037193837992300936, 0.054050289197489894, 0.07467354624814015, 25.737681855094085
208.363636, 0.006345559307769471, 0.02293312340911364, 0.037192641903575366, 0.05405016128297299, 0.07467366054971351, 25.725882526987427
210.181818, 0.006345414423183929, 0.022933059681950793, 0.037191458332774395, 0.054050034330448596, 0.07467377562294097, 25.714294314111616
212., 0.006345274453913502, 0.022932997209768224, 0.03719028719228148, 0.054049908346147195, 0.07467389141072825, 25.702913436292512
212.204082, 0.006213359027860325, 0.022464200141580525, 0.03642643613853243, 0.052946376719366466, 0.07314902774625752, 25.08582104387219
212.408163, 0.006081531311299409, 0.021995692022147573, 0.03566305840154657, 0.05184352046878009, 0.07162510090983565, 24.469320984477637
212.612245, 0.0059496297393479445, 0.021526898699580323, 0.03489921862122791, 0.05073998807615651, 0.07010024331210062, 23.85265846221478
212.816327, 0.005817735069973192, 0.02105810724307924, 0.03413538448283364, 0.04963645530558778, 0.06857538873274865, 23.23621027954839
213.020408, 0.005685928056861732, 0.020589604720688024, 0.03337202366815338, 0.048533597921404464, 0.06705147094959883, 22.620353106226176
213.22449, 0.00555404713546045, 0.020120816980610415, 0.03260820081716991, 0.04743006440532785, 0.06552662237346586, 22.004332155359954
213.428571, 0.005422173063602498, 0.019652031092027802, 0.03184438361542048, 0.04632653052150155, 0.0640017767839227, 21.388524227881852
213.632653, 0.005290386595512503, 0.01918353412309232, 0.03108103974320263, 0.04522367203397741, 0.06247786795934794, 20.773305997423673
213.836735, 0.0051585261664188874, 0.018714751921992873, 0.030317233841874704, 0.04412013742468025, 0.06095302831020105, 20.157922680696643
214.040816, 0.005026672534273327, 0.018245971557932943, 0.029553433596298955, 0.04301660245764461, 0.059428191616236754, 19.54275107721233
214.244898, 0.004894906453626117, 0.017777480099156254, 0.028790106686853535, 0.041913742896876154, 0.057904291656007745, 18.92816786951636
214.44898, 0.004763066359730842, 0.01730870339386207, 0.028026317754728414, 0.040810207224269486, 0.05637946084001679, 18.31341827388053
214.653061, 0.004631313782014551, 0.01684021558418037, 0.027263002163586094, 0.0397073469646971, 0.05485556673659261, 17.699256197512657
214.857143, 0.004499487156791488, 0.016371442518558814, 0.026499224553624766, 0.03860381059975738, 0.0533307417570135, 17.08492687726973
215.061224, 0.004367667241697189, 0.015902671266134843, 0.025735452609711187, 0.03750027389352718, 0.05180591968085298, 16.47080710465845
215.265306, 0.004235934791819371, 0.015434188895303264, 0.024972154012360272, 0.03639741260993653, 0.05028203428695041, 15.857273576958576
215.469388, 0.004104128242453362, 0.014965421254280424, 0.024208393402483146, 0.03529387523083001, 0.048757217985880265, 15.243571509715634
215.673469, 0.0039723283516196976, 0.01449665541229775, 0.02344463846449533, 0.03419033752016175, 0.0472324045575133, 14.63007770132843
215.877551, 0.0038406158747253958, 0.014028178437839765, 0.022681356878995217, 0.03308747524181715, 0.045708527780858856, 14.017168857845238
216.081633, 0.0037088292470907084, 0.013559416179132974, 0.02191761328672769, 0.03198393687761103, 0.04418372006653416, 13.404090194379206
216.285714, 0.0035770492267618026, 0.01309065570541915, 0.02115387537194221, 0.030880398191467623, 0.04265891519445315, 12.791218508916469
216.489796, 0.0034453565694626586, 0.012622184085271835, 0.020390610815321696, 0.02977753494722832, 0.04113504694379354, 12.178930516219996
216.693878, 0.0033135897105383465, 0.012153427166927626, 0.019626884257445593, 0.028673995626678307, 0.03961024772521517, 11.566471430973065
216.897959, 0.0031818294080605772, 0.011684672019638563, 0.0188631633823981, 0.027570455993712106, 0.0380854513186749, 10.954218050751708
217.102041, 0.0030501564180679436, 0.011216205712066524, 0.018099915870947697, 0.02646759181212765, 0.03656159150351737, 10.342547098979864
217.306122, 0.0029184091751509504, 0.010747454092261098, 0.0173362063634311, 0.02536405156379363, 0.03503680069001047, 9.730703769438133
217.510204, 0.0027866684397783487, 0.010278704230084711, 0.01657250254402915, 0.02426051101223416, 0.033512012659471666, 9.119064921763417
217.714286, 0.0026550149658956463, 0.009810243193677563, 0.015809272093308954, 0.023157645921547107, 0.031988161190078225, 8.50800722447491
217.918367, 0.0025232871888359316, 0.009341496831279663, 0.015045579651464646, 0.02205410477346128, 0.03046337869254886, 7.896775889455596
218.122449, 0.0023915658693787153, 0.008872752212840632, 0.014281892902764323, 0.020950563331458293, 0.028938598948365424, 7.285747784914937
218.326531, 0.002259931761494082, 0.008404296406510576, 0.01351867952761176, 0.0198476973596068, 0.027414755735747254, 6.6752995789492635
218.530612, 0.0021282233005403984, 0.007935555260539566, 0.012755004166037925, 0.018744155339606303, 0.025889981465455503, 6.06467648303782
218.734694, 0.0019965212476056394, 0.007466815844963766, 0.011991334502399188, 0.0176406130348965, 0.024365209919134913, 5.454255373910028
218.938776, 0.0018649063566843764, 0.006998365227943097, 0.011228138216936748, 0.016537746209516965, 0.0228413748750467, 4.844412919241884
219.142857, 0.0017332170631601574, 0.006529629257737637, 0.01046447994951921, 0.015434203345138066, 0.021316608743994263, 4.234394330111353
219.346939, 0.0016015341284271445, 0.006060895004469409, 0.009700827384592185, 0.014330660205158125, 0.019791845307783752, 3.6245764917154992
219.55102, 0.0014699383053797318, 0.005592449536017827, 0.008937648201849965, 0.013227792553716106, 0.01826801834413698, 3.015336039953488
219.755102, 0.0013382680328339564, 0.0051237187015328025, 0.008174007042181788, 0.012124248872066541, 0.01674326026565755, 2.4059182806230965
219.959184, 0.001206684840496164, 0.004655276643248475, 0.00741083926788285, 0.011021380684823993, 0.015219438641068811, 1.7970771192892878
220.163265, 0.0010750271637916557, 0.004186549209441432, 0.006647209518552885, 0.009917836473610593, 0.013694685881244152, 1.1880577663666354
220.367347, 0.0009433757646198631, 0.003717823470375323, 0.005883585478788379, 0.008814292001756934, 0.012169935768255454, 0.579237121048834
220.571429, 0.0008118113970402018, 0.003249386494235926, 0.005120434828400838, 0.007711423033225844, 0.010646122080474699, -0.02900815009677908
220.77551, 0.0006801724965028972, 0.002780664129309639, 0.004356822206829696, 0.006607878049610717, 0.00912137722881702, -0.6374328370504914
220.979592, 0.000548539825207572, 0.0023119434459442163, 0.0035932152987632362, 0.005504332814202236, 0.007596634995511809, -1.245660032288996
221.183673, 0.00041699413586819876, 0.0018435115119785977, 0.0028300817832442944, 0.004401463091073056, 0.006072829158287997, -1.8533131087772807
221.387755, 0.00028537386810230234, 0.001374794176787261, 0.002066486301406455, 0.003297917361371032, 0.004548092130169855, -2.461146738482859
221.591837, 0.00015375978023122428, 0.0009060785097139368, 0.001302896536150206, 0.0021943713887663924, 0.003023357691460358, -3.068784125053221
221.795918, 0.00002223262630578039, 0.0004376515789481615, 0.0005397801669111715, 0.0010915009371666653, 0.0014995596205906808, -3.6758486045751573
222., -0.00010936915376000426, -0.00003106076605256125, -0.00022379816508372193, -0.00001204551231930763, -0.000025169669259787498, -4.283094840771671
